0 332 588 70 0 100
1 332 588 70 0 100
2 332 588 70 0 100
3 332 588 70 0 100
4 332 588 70 0 100
5 332 588 70 0 100
6 332 588 70 0 100
7 332 588 70 0 100
8 332 588 70 0 100
9 332 588 70 0 100
10 332 588 70 0 100
11 332 588 70 0 100
12 332 588 70 0 100
13 332 588 70 0 100
14 332 588 70 0 100
15 332 588 70 0 100
16 332 588 70 0 100
17 332 588 70 0 100
18 332 588 70 0 100
19 332 588 70 0 100
20 332 588 70 0 100
21 332 588 70 0 100
22 332 588 70 0 100
23 332 588 70 0 100
24 332 588 70 0 100
25 332 588 70 0 100
26 332 588 70 0 100
27 332 588 70 0 100
28 332 588 70 0 100
29 332 588 70 0 100
30 332 588 70 0 100
31 332 588 70 0 100
32 332 588 70 0 100
33 332 588 70 0 100
34 332 588 70 0 100
35 332 588 70 0 100
36 332 588 70 0 100
37 332 588 70 0 100
38 332 588 70 0 100
39 332 588 70 0 100
40 332 588 70 0 100
41 332 588 70 0 100
42 332 588 70 0 100
43 332 588 70 0 100
44 332 588 70 0 100
45 332 588 70 0 100
46 332 588 70 0 100
47 332 588 70 0 100
48 332 588 70 0 100
49 332 588 70 0 100
50 332 588 70 0 100
51 332 588 70 0 100
52 332 588 70 0 100
53 332 588 70 0 100
54 332 588 70 0 100
55 332 588 70 0 100
56 332 588 70 0 100
57 332 588 70 0 100
58 332 588 70 0 100
59 332 588 70 0 100
60 332 588 70 0 100
61 332 588 70 0 100
62 332 588 70 0 100
63 332 588 70 0 100
64 332 588 70 0 100
65 332 588 70 0 100
66 332 588 70 0 100
67 332 588 70 0 100
68 332 588 70 0 100
69 332 588 70 0 100
70 332 588 70 0 100
71 332 588 70 0 100
72 332 588 70 0 100
73 332 588 70 0 100
74 332 588 70 0 100
75 332 588 70 0 100
76 332 588 70 0 100
77 332 588 70 0 100
78 332 588 70 0 100
79 332 588 70 0 100
80 332 588 70 0 100
81 332 588 70 0 100
82 332 588 70 0 100
83 332 588 70 0 100
84 332 588 70 0 100
85 332 588 70 0 100
86 332 588 70 0 100
87 332 588 70 0 100
88 332 588 70 0 100
89 332 588 70 0 100
90 332 588 70 0 100
91 331.812 588.418 70 0 100
92 331.984 588.07 70 0 100
93 331.91 588.125 70 0 100
94 332 588.105 70 0 100
95 332.012 587.777 70 0 100
96 332.137 587.562 70 0 100
97 332.184 587.262 70 0 100
98 332.602 587.18 70 0 100
99 332.613 587.285 70 0 100
100 332.41 587.281 70 0 100
101 332.41 587.184 70 0 100
102 332.582 586.707 70 0 100
103 332.719 586.699 70 0 100
104 332.805 586.695 70 0 100
105 332.391 586.387 70 0 100
106 332.586 586.359 70 0 100
107 332.707 586.363 70 0 100
108 332.375 586.273 70 0 100
109 332.406 585.691 70 0 100
110 332.406 585.602 70 0 100
111 332.164 585.852 70 0 100
112 331.809 586.102 70 0 100
113 331.848 586.098 70 0 100
114 332.582 586.133 70 0 100
115 332.059 586.109 70 0 100
116 331.84 586.105 70 0 100
117 332.465 585.5 70 0 100
118 332.469 584.641 70 0 100
119 332.125 584.648 70 0 100
120 331.855 585.113 70 0 100
121 331.867 585.113 70 0 100
122 332.234 584.637 70 0 100
123 332.234 584.637 70 0 100
124 332.234 584.637 70 0 100
125 332.227 584.637 70 0 100
126 332.23 584.637 70 0 100
127 332.25 584.637 70 0 100
128 332.246 584.625 70 0 100
129 332.246 584.605 70 0 100
130 332.277 584.605 70 0 100
131 332.309 584.605 70 0 100
132 332.355 584.574 70 0 100
133 332.324 584.539 70 0 100
134 332.438 584.5 70 0 100
135 332.375 584.5 70 0 100
136 332.375 584.5 70 0 100
137 332.379 584.5 70 0 100
138 332.379 584.5 70 0 100
139 332.375 584.5 70 0 100
140 332.375 584.5 70 0 100
141 332.379 584.5 70 0 100
142 332.379 584.5 70 0 100
143 332.379 584.5 70 0 100
144 332.375 584.5 70 0 100
145 332.371 584.348 70 0 100
146 332.367 584.41 70 0 100
147 332.23 584.508 70 0 100
148 332.168 584.512 70 0 100
149 332.781 584.512 70 0 100
150 332.707 583.961 70 0 100
151 332.32 584.371 70 0 100
152 332.5 584.469 70 0 100
153 332.5 584.281 70 0 100
154 332.191 583.965 70 0 100
155 332.711 583.719 70 0 100
156 332.684 583.598 70 0 100
157 332.148 583.402 70 0 100
158 332.391 583.402 70 0 100
159 332.566 583.422 70 0 100
160 331.934 583.426 70 0 100
161 331.812 583.449 70 0 100
162 332.387 583.129 70 0 100
163 332.367 582.73 70 0 100
164 332.379 583 70 0 100
165 332.555 583.008 70 0 100
166 332.16 583.207 70 0 100
167 331.797 583.23 70 0 100
168 332.391 583.219 70 0 100
169 332.227 583.027 70 0 100
170 331.891 582.758 70 0 100
171 332.109 582.773 70 0 100
172 331.875 582.773 70 0 100
173 331.699 582.609 70 0 100
174 331.875 582.5 70 0 100
175 331.898 582.469 70 0 100
176 331.762 582.461 70 0 100
177 331.77 582.414 70 0 100
178 331.777 582.5 70 0 100
179 331.773 582.5 70 0 100
180 331.77 582.418 70 0 100
181 331.828 582.266 70 0 100
182 331.77 582.418 70 0 100
183 331.812 582.41 70 0 100
184 331.984 582.293 70 0 100
185 331.875 582.25 70 0 100
186 331.992 582.242 70 0 100
187 332.512 582.133 70 0 100
188 332.512 582.082 70 0 100
189 332.324 582.121 70 0 100
190 332.324 582.121 70 0 100
191 332.098 582.164 70 0 100
192 331.918 582.215 70 0 100
193 332.078 581.93 70 0 100
194 332.504 581.512 70 0 100
195 332.391 581.215 70 0 100
196 331.727 580.59 70 0 100
197 331.727 580.59 70 0 100
198 331.805 580.508 70 0 100
199 331.234 580.191 70 0 100
200 330.871 579.609 70 0 100
201 331.539 579.25 70 0 100
202 331.066 578.641 70 0 100
203 330.898 578.203 70 0 100
204 330.891 577.617 70 0 100
205 330.887 577.23 70 0 100
206 330.891 576.754 70 0 100
207 326.601 568.174 71.5714 0 100
208 322.314 559.6 73.1429 0 100
209 318.026 551.025 74.7143 0 100
210 313.739 542.452 76.2857 0 100
211 309.454 533.881 77.8571 0 100
212 305.169 525.311 79.4286 0 100
213 300.885 516.742 81 0 100
214 296.6 508.172 82.5714 0 100
215 292.315 499.602 84.1429 0 100
216 288.03 491.033 85.7143 0 100
217 283.744 482.461 87.2857 0 100
218 279.459 473.89 88.8571 0 100
219 275.175 465.322 90.4286 0 100
220 270.891 456.754 92 0 100
221 270.891 456.754 92 0 100
222 270.891 456.754 92 0 100
223 270.891 456.754 92 0 100
224 270.891 456.754 92 0 100
225 270.891 456.754 92 0 100
226 270.891 456.754 92 0 100
227 270.891 456.754 92 0 100
228 270.891 456.754 92 0 100
229 270.891 456.754 92 0 100
230 270.891 456.754 92 0 100
231 270.891 456.754 92 0 100
232 270.891 456.754 92 0 100
233 270.891 456.754 92 0 100
234 270.891 456.754 92 0 100
235 270.891 456.754 92 0 100
236 270.891 456.754 92 0 100
237 270.891 456.754 92 0 100
238 270.891 456.754 92 0 100
239 270.891 456.754 92 0 100
240 270.891 456.754 92 0 100
241 270.891 456.754 92 0 100
242 270.891 456.754 92 0 100
243 270.891 456.754 92 0 100
244 270.891 456.754 92 0 100
245 270.891 456.754 92 0 100
246 270.891 456.754 92 0 100
247 270.891 456.754 92 0 100
248 270.891 456.754 92 0 100
249 270.891 456.754 92 0 100
250 270.891 456.754 92 0 100
251 270.891 456.754 92 0 100
252 270.891 456.754 92 0 100
253 270.891 456.754 92 0 100
254 270.891 456.754 92 0 100
255 270.891 456.754 92 0 100
256 270.891 456.754 92 0 100
257 270.891 456.754 92 0 100
258 270.891 456.754 92 0 100
259 270.603 456.754 92 0 100
260 270.317 456.754 92 0 100
261 270.032 456.754 92 0 100
262 269.746 456.754 92 0 100
263 269.461 456.754 92 0 100
264 269.176 456.754 92 0 100
265 268.891 456.754 92 0 100
266 268.891 456.754 92 0 100
267 268.891 456.754 92 0 100
268 268.891 456.754 92 0 100
269 268.891 456.754 92 0 100